%YAML:1.0
---
camera_matrix: !!opencv-matrix
   rows: 3
   cols: 3
   dt: d
   data: [ 668.55571086861221, 0., 325.38891922828594, 0.,
       668.24240628793632, 247.74405590406809, 0., 0., 1. ]
dist_coeffs: !!opencv-matrix
   rows: 1
   cols: 5
   dt: d
   data: [ 0.024370078104696914, 0.21116512851400396,
       -0.0004933520272567051, 0.0011778062620087459,
       -0.9741730934281343 ]
image_width: 640
image_height: 480
pattern_cols: 9
pattern_rows: 6
square_size_m: 0.024
rms_error: 0.28697630931417778
