%YAML:1.0
---
camera_matrix: !!opencv-matrix
   rows: 3
   cols: 3
   dt: d
   data: [ 610.93741519219213, 0., 319.42569146410545, 0.,
       615.86891415239722, 259.29013137491563, 0., 0., 1. ]
dist_coeffs: !!opencv-matrix
   rows: 1
   cols: 5
   dt: d
   data: [ 0.10276589595601976, -0.4878290456286814,
       -0.0040101054281384742, -0.0051054675733860685,
       0.83235150779710632 ]
image_width: 640
image_height: 480
pattern_cols: 9
pattern_rows: 6
square_size_m: 0.024
rms_error: 0.60767564370380867
